4294967278,45
4294967278,44
4294967278,43
4294967278,42
4294967278,40
4294967278,39
4294967278,38
4294967278,37
4294967278,35
4294967278,34
4294967278,33
4294967278,30
4294967278,290
4294967278,29
4294967278,289
4294967278,28
4294967278,306
4294967278,27
4294967278,288
4294967278,26
4294967278,137
4294967278,25
4294967278,275
4294967278,23
4294967278,287
4294967278,22
4294967278,21
4294967278,20
4294967278,18
4294967278,286
4294967278,17
4294967278,14
4294967278,13
4294967278,12
4294967278,11
4294967278,9
4294967278,8
4294967278,7
4294967278,6
4294967278,4
4294967279,132
4294967279,131
4294967279,129
4294967279,126
4294967279,387
4294967279,124
4294967279,122
4294967279,121
4294967279,120
4294967279,247
4294967279,119
4294967279,118
4294967279,117
4294967279,116
4294967279,115
4294967279,114
4294967279,113
4294967279,235
4294967279,112
4294967279,111
4294967279,110
4294967279,109
4294967279,108
4294967279,107
4294967279,106
4294967279,105
4294967279,219
4294967279,104
4294967279,217
4294967279,103
4294967279,215
4294967279,102
4294967279,101
4294967279,100
4294967279,99
4294967279,98
4294967279,97
4294967279,96
4294967279,95
4294967279,94
4294967279,93
4294967279,92
4294967279,91
4294967279,90
4294967279,89
4294967279,87
4294967279,86
4294967279,85
4294967279,84
4294967279,83
4294967279,49
4294967279,48
4294967279,47
4294967279,44
4294967279,42
4294967279,39
4294967279,37
4294967279,36
4294967279,35
4294967279,174
4294967279,20
4294967279,15
4294967279,13
4294967278,31
4294967278,143
4294967279,428
4294967278,32
4294967278,307
4294967278,291
71,5
4294967278,142
4294967279,142
4294967278,141
71,4
4294967279,141
71,3
71,2
71,1
4294967278,140
4294967279,140
4294967278,139
4294967278,24
4294967279,139
4294967278,138
4294967279,279
70,4
4294967278,276
70,3
70,2
70,1
4294967279,137
4294967278,136
4294967279,136
4294967278,135
4294967279,135
4294967278,134
69,4
69,3
69,2
69,1
4294967279,427
4294967279,21
4294967278,133
4294967279,275
4294967278,272
4294967279,18
4294967278,19
4294967278,271
4294967278,273
4294967278,270
68,6
4294967278,15
4294967278,282
4294967279,272
4294967279,289
4294967278,16
4294967278,283
4294967278,267
68,5
4294967278,266
4294967278,265
68,4
68,3
68,2
68,1
4294967278,280
4294967278,264
4294967294,162
4294967294,1050
4294967294,1049
4294967278,10
4294967278,263
4294967278,279
4294967279,10
4294967278,278
67,5
4294967278,5
4294967278,259
67,4
4294967278,258
67,3
67,2
67,1
4294967278,285
4294967279,284
4294967278,257
4294967279,259
4294967278,427
4294967278,426
66,5
4294967279,128
4294967279,426
4294967279,130
66,4
66,3
66,2
66,1
4294967279,256
4294967294,1421
4294967278,425
4294967294,1418
4294967279,127
4294967279,425
4294967279,125
4294967278,424
4294967279,123
4294967279,252
4294967278,423
4294967279,250
4294967279,249
4294967278,244
4294967279,248
65,4
4294967278,246
65,3
65,2
65,1
4294967278,240
64,4
64,3
64,2
64,1
4294967279,424
4294967278,238
4294967278,237
4294967278,236
4294967278,234
63,5
4294967278,230
63,4
4294967278,228
63,3
63,2
63,1
4294967278,226
4294967278,224
4294967278,222
4294967278,220
62,4
62,3
62,2
62,1
4294967278,218
4294967278,217
4294967278,215
4294967278,422
4294967278,421
4294967279,423
4294967278,420
4294967278,419
4294967279,422
4294967278,418
4294967294,396
4294967294,1080
4294967294,454
4294967294,109
4294967294,467
4294967294,462
4294967294,169
4294967279,421
4294967278,417
4294967279,420
4294967279,419
4294967278,205
4294967278,204
4294967278,201
4294967279,418
4294967278,416
61,5
4294967278,200
4294967278,199
61,4
61,3
61,2
61,1
4294967278,198
4294967278,197
4294967294,192
4294967294,161
4294967294,170
4294967294,1045
4294967278,196
60,4
4294967278,195
60,3
60,2
60,1
4294967278,194
4294967278,193
4294967278,192
59,4
59,3
59,2
59,1
4294967279,417
4294967278,191
4294967278,190
4294967294,387
4294967278,189
4294967278,415
4294967279,416
4294967278,188
58,6
4294967278,185
4294967279,415
4294967278,414
4294967278,413
58,5
4294967278,184
4294967278,183
58,4
58,3
58,2
58,1
4294967278,182
4294967278,181
4294967278,180
4294967279,414
4294967278,179
57,5
4294967278,177
57,4
4294967278,176
57,3
57,2
57,1
4294967278,175
4294967278,171
4294967278,412
4294967278,411
56,5
4294967278,170
4294967278,169
56,4
